-5.05
-4.58742
-3.8798
-3.51722
-3.04128
-2.71
-2.34208
-1.794
-1.336
-0.86922
-0.42
0.03952
0.51584
0.9063
1.412
1.9635
2.35128
2.81386
3.4062
3.5169
4.16
4.80272
5.27904
5.58934
5.87216
6.321
6.908
7.29234
7.74576
7.8679
9.0022
9.01404
9.55944
10.114
10.46628
11.1403
11.83264
11.946
13.0242
12.34752
13.4532
14.05356
14.80544
14.98788
14.84896
15.61
15.2646
15.6997
16.984
17.442
17.363
19.2759
18.43968
18.3103
20.52128
21.1995
20.85448
20.47282
22.6422
21.14112
22.2552
23.39676
24.09788
23.854
23.82576
24.0269
24.72344
25.686
26.144
27.40006
26.7894
27.24282
28.25576
28.434
28.60308
28.176
30.40416
29.66068
30.41676
30.24654
32.2728
30.4931
32.556
34.6647
33.472
35.6265
34.04412
33.45216
37.0692
35.762
35.8578
38.14512
37.50736
37.21806
39.9546
40.0504
38.18864
37.84896
41.8782
39.93858